%YAML:1.0
---
K: !!opencv-matrix
   rows: 3
   cols: 3
   dt: d
   data: [ 2.1357033890772191e+03, 0., 9.5414732355135448e+02, 0.,
       2.0902264203770164e+03, 5.4463411339775587e+02, 0., 0., 1. ]
D: !!opencv-matrix
   rows: 1
   cols: 5
   dt: d
   data: [ -2.0308005659657923e-02, -1.5095128217109175e+00,
       6.5378048481917143e-03, -2.1750008785716745e-03,
       1.6569296301278649e+00 ]
