%YAML:1.0
---
K: !!opencv-matrix
   rows: 3
   cols: 3
   dt: d
   data: [ 2.0975361861051510e+03, 0., 9.4246268979448121e+02, 0.,
       2.0890699292598283e+03, 5.4595258342700049e+02, 0., 0., 1. ]
D: !!opencv-matrix
   rows: 1
   cols: 5
   dt: d
   data: [ 2.3421794171839616e-01, -2.4786961704115740e+00,
       -2.9971444723820130e-03, 1.2178030884584586e-04,
       2.9546313925436531e+00 ]
